0 00000011  00000110  00000001
1 00000101  00001100  00000000
2 00000101  00011000  00000000
3 00000101  00110000  00000000
4 00000101  01100000  00000000
5 00000101  11000000  00000000
6 00000101  10011011  00000000
7 00000101  00101101  00000000

0 00000001  00000010  00000001
1 00000011  00000100  00000000
2 00000011  00001000  00000000
3 00000011  00010000  00000000
4 00000011  00100000  00000000
5 00000011  01000000  00000000
6 00000011  10000000  00000000
7 00000011  00011011  00000000
